left_arm:
  bin_A_tote_2: {left_e0: -0.49547579448698864, left_e1: 1.3614079492483047, left_s0: -0.8609467172006885,
    left_s1: -1.0354370318226542, left_w0: -3.0311460368615775, left_w1: -1.5301458359157003,
    left_w2: -0.5928835745177125}
  bin_A_tote_6: {left_e0: -0.9192379871403342, left_e1: 1.5243934079611299, left_s0: -0.6450389213058165,
    left_s1: -1.1635244276110863, left_w0: -2.802582899466651, left_w1: -1.4737720419609113,
    left_w2: 2.325131379237316}
  bin_A_tote_8: {left_e0: -1.2375390006265576, left_e1: 1.570029336400721, left_s0: 0.44868938045648354,
    left_s1: -0.7869321441852173, left_w0: -3.044951863952546, left_w1: -1.408577858475781,
    left_w2: 1.6122138080675699}
right_arm:
  bin_A_tote_2: {right_e0: 0.8402379765642354, right_e1: 1.2383059910205003, right_s0: 0.5338253141841239,
    right_s1: -0.8682331259431442, right_w0: 2.8988401939064605, right_w1: -1.5704128315976924,
    right_w2: -2.6227236520870862}
  bin_A_tote_4: {right_e0: 1.0569127628530501, right_e1: 1.6482623565828771, right_s0: -0.6649806715483269,
    right_s1: -0.49279132810818915, right_w0: 2.9901120507856427, right_w1: -1.3307283334905964,
    right_w2: -2.1042381457818164}
  bin_A_tote_6: {right_e0: 1.6858448858860697, right_e1: 1.670888573204187, right_s0: 0.1062281695610649,
    right_s1: -0.8494418612915479, right_w0: 2.5003886842532244, right_w1: -1.4883448594458226,
    right_w2: -2.174801262024545}
