%YAML:1.0
cameraMatrix: !!opencv-matrix
   rows: 3
   cols: 3
   dt: d
   data: [ 1.0743158276956788e+03, 0., 9.6442184405743535e+02, 0.,
       1.0739274763999772e+03, 5.3380661245605961e+02, 0., 0., 1. ]
distortionCoefficients: !!opencv-matrix
   rows: 1
   cols: 5
   dt: d
   data: [ 5.1996079887917795e-02, -3.9867782876663961e-02,
       5.5221523250106582e-04, -5.9250722351287882e-04,
       -8.7814226258774337e-04 ]
rotation: !!opencv-matrix
   rows: 3
   cols: 3
   dt: d
   data: [ 1., 0., 0., 0., 1., 0., 0., 0., 1. ]
projection: !!opencv-matrix
   rows: 4
   cols: 4
   dt: d
   data: [ 1.0743158276956788e+03, 0., 9.6442184405743535e+02, 0., 0.,
       1.0739274763999772e+03, 5.3380661245605961e+02, 0., 0., 0., 1.,
       0., 0., 0., 0., 1. ]
