%YAML:1.0
rotation: !!opencv-matrix
   rows: 3
   cols: 3
   dt: d
   data: [ 9.9996038899580308e-01, -8.6906814524184261e-03,
       -1.9215866503490627e-03, 8.7052445941615732e-03,
       9.9993242448312125e-01, 7.7048805222860737e-03,
       1.8544961358897619e-03, -7.7213032060315439e-03,
       9.9996847066339167e-01 ]
translation: !!opencv-matrix
   rows: 3
   cols: 1
   dt: d
   data: [ -5.1415517183116551e-02, -5.0948971039919369e-04,
       4.5426499064923423e-03 ]
essential: !!opencv-matrix
   rows: 3
   cols: 3
   dt: d
   data: [ -4.0489725240871933e-05, -4.5384090100425668e-03,
       -5.4447422131071355e-04, 4.6378198455086939e-03,
       -4.3647352095295107e-04, 5.1405166990550866e-02,
       6.1884875985789988e-05, -5.1416470565743673e-02,
       -3.9712944551345292e-04 ]
fundamental: !!opencv-matrix
   rows: 3
   cols: 3
   dt: d
   data: [ -3.2840568363922614e-08, -3.6823788311408189e-06,
       6.2255805954347502e-04, 3.7630217618272376e-06,
       -3.5427438657320523e-07, 1.4441729006968345e-02,
       -1.9231297087045802e-03, -4.1078200101358854e-02, 1. ]
