%YAML:1.0
cameraMatrix: !!opencv-matrix
   rows: 3
   cols: 3
   dt: d
   data: [ 3.6710785621022859e+02, 0., 2.5103934567338854e+02, 0.,
       3.6697348071432458e+02, 2.1085116723215793e+02, 0., 0., 1. ]
distortionCoefficients: !!opencv-matrix
   rows: 1
   cols: 5
   dt: d
   data: [ 1.1078776596811227e-01, -2.9175305774678556e-01,
       1.5830776135657453e-03, -1.4356410544713518e-03,
       1.0244036626571053e-01 ]
rotation: !!opencv-matrix
   rows: 3
   cols: 3
   dt: d
   data: [ 1., 0., 0., 0., 1., 0., 0., 0., 1. ]
projection: !!opencv-matrix
   rows: 4
   cols: 4
   dt: d
   data: [ 3.6710785621022859e+02, 0., 2.5103934567338854e+02, 0., 0.,
       3.6697348071432458e+02, 2.1085116723215793e+02, 0., 0., 0., 1.,
       0., 0., 0., 0., 1. ]
