%YAML:1.0
depthShift: -1.6380613195009708e+01
