%YAML:1.0
rotation: !!opencv-matrix
   rows: 3
   cols: 3
   dt: d
   data: [ 9.9997736322743602e-01, 6.7189590537977597e-03,
       -3.5863900766475718e-04, -6.7081019428493066e-03,
       9.9967477899747148e-01, 2.4603609586418999e-02,
       5.2383301611392608e-04, -2.4600646853080440e-02,
       9.9969722104914405e-01 ]
translation: !!opencv-matrix
   rows: 3
   cols: 1
   dt: d
   data: [ -5.2207564062534677e-02, -3.2990560468198426e-03,
       5.9328513394180504e-03 ]
essential: !!opencv-matrix
   rows: 3
   cols: 3
   dt: d
   data: [ 3.8070017117251809e-05, -5.8497629388012578e-03,
       -3.4440267201804762e-03, 5.9600650845584623e-03,
       -1.2444772613401701e-03, 5.2189628959144085e-02,
       3.6491950287577536e-03, -5.2168418843715918e-02,
       -1.2856776938394241e-03 ]
fundamental: !!opencv-matrix
   rows: 3
   cols: 3
   dt: d
   data: [ 5.7199418620544631e-08, -8.8025626207543266e-06,
       -8.4466606696036848e-05, 8.8835343600390405e-06,
       -1.8577362859333158e-06, 2.6550237549462143e-02,
       1.0420103866864755e-03, -7.2983170241930073e-02, 1. ]
