%YAML:1.0
cameraMatrix: !!opencv-matrix
   rows: 3
   cols: 3
   dt: d
   data: [ 1.0500495019324494e+03, 0., 9.6254420381930584e+02, 0.,
       1.0584821331052565e+03, 5.2458700082157804e+02, 0., 0., 1. ]
distortionCoefficients: !!opencv-matrix
   rows: 1
   cols: 5
   dt: d
   data: [ 5.4002376338523783e-02, 1.6319561336354975e-02,
       -1.1872661591417302e-02, -1.3702415875308904e-04,
       -5.5645907079255923e-02 ]
rotation: !!opencv-matrix
   rows: 3
   cols: 3
   dt: d
   data: [ 1., 0., 0., 0., 1., 0., 0., 0., 1. ]
projection: !!opencv-matrix
   rows: 4
   cols: 4
   dt: d
   data: [ 1.0500495019324494e+03, 0., 9.6254420381930584e+02, 0., 0.,
       1.0584821331052565e+03, 5.2458700082157804e+02, 0., 0., 0., 1.,
       0., 0., 0., 0., 1. ]
