%YAML:1.0
cameraMatrix: !!opencv-matrix
   rows: 3
   cols: 3
   dt: d
   data: [ 3.6507176210080871e+02, 0., 2.5128208086909373e+02, 0.,
       3.6451543937586570e+02, 2.0664430099992612e+02, 0., 0., 1. ]
distortionCoefficients: !!opencv-matrix
   rows: 1
   cols: 5
   dt: d
   data: [ 1.0625581889001352e-01, -2.7673524624320167e-01,
       2.8808601065867837e-04, 1.5912193504412817e-03,
       9.0634119019142034e-02 ]
rotation: !!opencv-matrix
   rows: 3
   cols: 3
   dt: d
   data: [ 1., 0., 0., 0., 1., 0., 0., 0., 1. ]
projection: !!opencv-matrix
   rows: 4
   cols: 4
   dt: d
   data: [ 3.6507176210080871e+02, 0., 2.5128208086909373e+02, 0., 0.,
       3.6451543937586570e+02, 2.0664430099992612e+02, 0., 0., 0., 1.,
       0., 0., 0., 0., 1. ]
