%YAML:1.0
depthShift: -3.8318119828974247e+01
