%YAML:1.0
cameraMatrix: !!opencv-matrix
   rows: 3
   cols: 3
   dt: d
   data: [ 1.0966397612013116e+03, 0., 9.9817335501764580e+02, 0.,
       1.0974440109064569e+03, 5.2337481634629762e+02, 0., 0., 1. ]
distortionCoefficients: !!opencv-matrix
   rows: 1
   cols: 5
   dt: d
   data: [ 7.1706280709373987e-02, -5.4384615776392288e-02,
       -5.2531414273652129e-03, -3.3966342379440948e-04,
       9.2055085541914109e-03 ]
rotation: !!opencv-matrix
   rows: 3
   cols: 3
   dt: d
   data: [ 1., 0., 0., 0., 1., 0., 0., 0., 1. ]
projection: !!opencv-matrix
   rows: 4
   cols: 4
   dt: d
   data: [ 1.0966397612013116e+03, 0., 9.9817335501764580e+02, 0., 0.,
       1.0974440109064569e+03, 5.2337481634629762e+02, 0., 0., 0., 1.,
       0., 0., 0., 0., 1. ]
