%YAML:1.0
cameraMatrix: !!opencv-matrix
   rows: 3
   cols: 3
   dt: d
   data: [ 3.9231129369033818e+02, 0., 2.6100141898830373e+02, 0.,
       3.9027661874871040e+02, 1.9325268049780792e+02, 0., 0., 1. ]
distortionCoefficients: !!opencv-matrix
   rows: 1
   cols: 5
   dt: d
   data: [ 1.5630807276726083e-01, -4.0595723080250568e-01,
       -3.0091292069429820e-03, 7.7413880114528683e-03,
       2.2707908629559723e-01 ]
rotation: !!opencv-matrix
   rows: 3
   cols: 3
   dt: d
   data: [ 1., 0., 0., 0., 1., 0., 0., 0., 1. ]
projection: !!opencv-matrix
   rows: 4
   cols: 4
   dt: d
   data: [ 3.9231129369033818e+02, 0., 2.6100141898830373e+02, 0., 0.,
       3.9027661874871040e+02, 1.9325268049780792e+02, 0., 0., 0., 1.,
       0., 0., 0., 0., 1. ]
