%YAML:1.0
depthShift: 5.3147826104722760e+01
