%YAML:1.0
rotation: !!opencv-matrix
   rows: 3
   cols: 3
   dt: d
   data: [ 9.9991565693372775e-01, 5.5885865163593914e-03,
       1.1723767293012360e-02, -5.4301778463301141e-03,
       9.9989412126141719e-01, -1.3500349455308690e-02,
       -1.1797973866252035e-02, 1.3435548653009820e-02,
       9.9984013414397588e-01 ]
translation: !!opencv-matrix
   rows: 3
   cols: 1
   dt: d
   data: [ -4.4499830432105474e-02, -2.3222618354499609e-03,
       -4.2815122101452496e-02 ]
essential: !!opencv-matrix
   rows: 3
   cols: 3
   dt: d
   data: [ -2.0509574307799307e-04, 4.2779388028456905e-02,
       -2.8999096954150437e-03, -4.3336518779262263e-02,
       3.5860362274878172e-04, 4.3990761900481179e-02,
       2.5637079621439376e-03, -4.4482140685011121e-02,
       6.2798891888766323e-04 ]
fundamental: !!opencv-matrix
   rows: 3
   cols: 3
   dt: d
   data: [ -5.8851246865203651e-08, 1.2339338171570738e-05,
       -2.6956981396939650e-03, -1.2426094702378949e-05,
       1.0336025858278118e-07, 8.1717463813691955e-03,
       7.3689850117284314e-03, -2.6441311670641142e-02, 1. ]
