%YAML:1.0
depthShift: 8.8787788073722318e-01
