%YAML:1.0
cameraMatrix: !!opencv-matrix
   rows: 3
   cols: 3
   dt: d
   data: [ 3.7482281495419323e+02, 0., 2.5259058915712308e+02, 0.,
       3.7452700616773404e+02, 2.0175096551714307e+02, 0., 0., 1. ]
distortionCoefficients: !!opencv-matrix
   rows: 1
   cols: 5
   dt: d
   data: [ 1.1836298938265367e-01, -3.3738465555088237e-01,
       -1.8832809534388847e-03, -1.3557405120503084e-03,
       1.6297547707505952e-01 ]
rotation: !!opencv-matrix
   rows: 3
   cols: 3
   dt: d
   data: [ 1., 0., 0., 0., 1., 0., 0., 0., 1. ]
projection: !!opencv-matrix
   rows: 4
   cols: 4
   dt: d
   data: [ 3.7482281495419323e+02, 0., 2.5259058915712308e+02, 0., 0.,
       3.7452700616773404e+02, 2.0175096551714307e+02, 0., 0., 0., 1.,
       0., 0., 0., 0., 1. ]
