%YAML:1.0
cameraMatrix: !!opencv-matrix
   rows: 3
   cols: 3
   dt: d
   data: [ 1.0858599772804553e+03, 0., 9.2967604904704194e+02, 0.,
       1.0870578190766157e+03, 5.1301196876661072e+02, 0., 0., 1. ]
distortionCoefficients: !!opencv-matrix
   rows: 1
   cols: 5
   dt: d
   data: [ 7.8975899247125933e-02, -1.0183524117217507e-01,
       -1.5370756289144697e-03, -3.9118169596777256e-03,
       4.1219134615876292e-02 ]
rotation: !!opencv-matrix
   rows: 3
   cols: 3
   dt: d
   data: [ 1., 0., 0., 0., 1., 0., 0., 0., 1. ]
projection: !!opencv-matrix
   rows: 4
   cols: 4
   dt: d
   data: [ 1.0858599772804553e+03, 0., 9.2967604904704194e+02, 0., 0.,
       1.0870578190766157e+03, 5.1301196876661072e+02, 0., 0., 0., 1.,
       0., 0., 0., 0., 1. ]
