%YAML:1.0
rotation: !!opencv-matrix
   rows: 3
   cols: 3
   dt: d
   data: [ 9.9996155940395570e-01, -6.9808222009192034e-03,
       5.3054534027121561e-03, 6.9738244759070924e-03,
       9.9997478968498976e-01, 1.3363257985336786e-03,
       -5.3146483033626587e-03, -1.2992751285778844e-03,
       9.9998503308677167e-01 ]
translation: !!opencv-matrix
   rows: 3
   cols: 1
   dt: d
   data: [ -4.9123763041669197e-02, 4.5725053650199699e-04,
       -3.2756271035110033e-03 ]
essential: !!opencv-matrix
   rows: 3
   cols: 3
   dt: d
   data: [ 2.0413522680377684e-05, 3.2749504296702616e-03,
       4.6162099787769149e-04, -3.5365767103569218e-03,
       -4.0958713136072001e-05, 4.9105649123607965e-02,
       -7.9981346056748510e-04, -4.9119332631431832e-02,
       -6.8071273288414271e-05 ]
fundamental: !!opencv-matrix
   rows: 3
   cols: 3
   dt: d
   data: [ 1.3381366602651701e-08, 2.1484741024137533e-06,
       -3.2341557127671584e-04, -2.3157239000235378e-06,
       -2.6840640641216160e-08, 1.2642401983084476e-02,
       6.0624867507946259e-04, -3.6974238420239232e-02,
       9.9999999999999989e-01 ]
