left_arm_joint_pos_dict:  
  start: [1.287058373, 0.537414654849, 0.514067217975, -2.064004335, -1.07455044206, -0.71659260978, -0.990427049319]

  detector:
    row_2: [0.631181652643, -0.2536068215, 0.466237698003, -0.882785004855, 1.5505368568, -0.71803056936, 0.514959683678]
    row_3: [0.53907240076, -0.351313957686, 1.87190810596, -1.80511920708, 2.79664574842, -0.44714403282, -0.0957315188404]
    row_4: [0.53907240076, -0.351313957686, 1.87190810596, -1.80511920708, 2.79664574842, -0.44714403282, -0.0957315188404]

  pregrasp:
    row_2: [0.415935176792, -0.0417128288873, 0.353273315368, -1.56299992213, 2.74809383311, -1.47106497396, -0.37188408906]
    row_3: [0.567840996983, 0.284332294521, 0.660267037911, -1.85781574602, 2.85448457154, -1.27037631002, -0.61478154044]
    row_4: [0.567840996983, 0.284332294521, 0.660267037911, -1.85781574602, 2.85448457154, -1.27037631002, -0.61478154044]

  drop: [2.08509086715, 0.398566161596, 0.392167870491, -0.932423174835, 2.74209395972, -1.99986229172, 0.1708]


    
