use torso
row_4 = [0.02]
row_2 = [0.32]
row_3 = [0.27]
use head
bin_h = [-0.0439881083581 0.35039230063]
use left_arm
row_4 = [0.567840996983 0.284332294521 0.660267037911 -1.85781574602 2.85448457154 -1.27037631002 -0.61478154044]
row_3 = [0.567840996983 0.284332294521 0.660267037911 -1.85781574602 2.85448457154 -1.27037631002 -0.61478154044]
use arms
start = [1.287058373 0.537414654849 0.514067217975 -2.064004335 -1.07455044206 -0.71659260978 -0.990427049319 -1.287058373 0.537414654849 -0.514067217975 -2.064004335 1.07455044206 -0.71659260978 -0.990427049319]
use right_arm
bin_i = [-0.513148800762 0.376343822518 -0.465621104982 -1.89371888245 -2.85491314898 -1.34773418783 0.35490288468]
