right_arm_joint_pos_dict: 
  start: [-1.287058373, 0.537414654849, -0.514067217975, -2.064004335, 1.07455044206, -0.71659260978, -0.990427049319]

  detector:
    row_2: [0.361267292502, -0.35117251618, -1.23596569086, -0.917385204876, -2.98673839627, -0.956632505057, -0.245304909284]
    row_3: [0.318321664711, -0.290433361391, -1.15386401976, -0.579635135218, -2.0544664791, -0.677566291538, -0.139143144241]
    row_4: [0.318321664711, -0.290433361391, -1.15386401976, -0.579635135218, -2.0544664791, -0.677566291538, -0.139143144241]